{
    "rmse": 11485.106570389022,
    "mae": 9203.519561713187,
    "r2": 0.1503462111045799
}